
=== gaussian: 100 observations, 3 features, 4 coefficients ===

SpectralMM  Solver: PCG   Rank: 3

Iter          Loss     RelGrad  Inner    InnerRes      EigRes    Step  Spectrum
   0    1.6229e+01   9.488e-01      -           -    4.87e-16       -  initial
   1    1.2915e+01   1.948e-08      1    2.05e-08           -    1.00  reuse

Converged after 1 iterations
Final loss:      1.291484e+01
Relative grad.:  1.948e-08
SpectralGLM; parameters=4; converged=true
Covariance: model; reference: t
Term                   Estimate   Std. Error    Statistic      p-value
(Intercept)             0.17874     0.053213        3.359    0.0011233
x1                      0.28718      0.11431       2.5124      0.01366
x2                     -0.16744      0.11277      -1.4848      0.14087
x3                      0.26774     0.098728       2.7119    0.0079278

First five fitted values: [0.4039271543223787, 0.13562440113106355, 0.0709097454660687, 0.14545405571070663, 0.32450422001621976]

=== bernoulli: 100 observations, 3 features, 4 coefficients ===

SpectralMM  Solver: PCG   Rank: 3

Iter          Loss     RelGrad  Inner    InnerRes      EigRes    Step  Spectrum
   0    6.9315e+01   8.532e-01      -           -    4.87e-16       -  initial
   1    6.7132e+01   3.250e-02      1    7.77e-08    5.36e-16    1.00  correct
   2    6.7129e+01   1.662e-04      1    7.70e-08           -    1.00  reuse
   3    6.7129e+01   4.067e-08      1    2.45e-04           -    1.00  reuse

Converged after 3 iterations
Final loss:      6.712854e+01
Relative grad.:  4.067e-08
SpectralGLM; parameters=4; converged=true
Covariance: model; reference: z
Term                   Estimate   Std. Error    Statistic      p-value
(Intercept)           -0.079785      0.20927     -0.38125      0.70302
x1                      0.70347      0.46083       1.5265      0.12688
x2                     0.012264      0.44391     0.027627      0.97796
x3                      0.51196      0.39785       1.2868      0.19816

First five fitted values: [0.5488998975304791, 0.4184223565255903, 0.5016654456514331, 0.4790690547567918, 0.5336320503663214]

=== probit: 100 observations, 3 features, 4 coefficients ===

SpectralMM  Solver: PCG   Rank: 3

Iter          Loss     RelGrad  Inner    InnerRes      EigRes    Step  Spectrum
   0    6.9315e+01   9.537e-01      -           -    6.88e-16       -  initial
   1    6.3740e+01   6.308e-02      1    2.80e-08    5.62e-16    1.00  correct
   2    6.3702e+01   2.986e-03      1    3.92e-08    5.50e-16    1.00  correct
   3    6.3702e+01   1.084e-04      1    3.39e-08           -    1.00  reuse
   4    6.3702e+01   4.180e-06      1    2.17e-04           -    1.00  reuse
   5    6.3702e+01   1.529e-07      1    2.70e-04           -    1.00  reuse
   6    6.3702e+01   1.506e-07      1    2.15e-04           -    0.02  reuse
   7    6.3702e+01   1.506e-07      1    2.15e-04           -    0.00  reuse
   8    6.3702e+01   1.506e-07      1    2.15e-04           -    0.00  reuse
   9    6.3702e+01   1.506e-07      1    2.15e-04           -    0.00  reuse
  10    6.3702e+01   1.506e-07      1    2.15e-04           -    0.00  reuse
  11    6.3702e+01   1.506e-07      1    2.15e-04           -    0.00  reuse
  12    6.3702e+01   1.506e-07      1    2.15e-04           -    0.00  reuse
  13    6.3702e+01   1.506e-07      1    2.15e-04           -    0.00  reuse
  14    6.3702e+01   1.506e-07      1    2.15e-04           -    0.00  reuse
  15    6.3702e+01   1.506e-07      1    2.15e-04           -    0.00  reuse
  16    6.3702e+01   1.506e-07      1    2.15e-04           -    0.00  reuse
  17    6.3702e+01   1.506e-07      1    2.15e-04           -    0.00  reuse
  18    6.3702e+01   1.506e-07      1    2.15e-04           -    0.00  reuse
  19    6.3702e+01   1.506e-07      1    2.15e-04           -    0.00  reuse
  20    6.3702e+01   1.506e-07      1    2.15e-04           -    0.00  reuse
  21    6.3702e+01   1.506e-07      1    2.15e-04           -    0.00  reuse
  22    6.3702e+01   1.506e-07      1    2.15e-04           -    0.00  reuse
  23    6.3702e+01   1.506e-07      1    2.15e-04           -    0.00  reuse
  24    6.3702e+01   1.506e-07      1    2.15e-04           -    0.00  reuse
  25    6.3702e+01   1.506e-07      1    2.15e-04           -    0.00  reuse
  26    6.3702e+01   1.506e-07      1    2.15e-04           -    0.00  reuse
  27    6.3702e+01   1.506e-07      1    2.15e-04           -    0.00  reuse
  28    6.3702e+01   1.506e-07      1    2.15e-04           -    0.00  reuse
  29    6.3702e+01   1.506e-07      1    2.15e-04           -    0.00  reuse
  30    6.3702e+01   1.506e-07      1    2.15e-04           -    0.00  reuse
  31    6.3702e+01   1.506e-07      1    2.15e-04           -    0.00  reuse
  32    6.3702e+01   1.506e-07      1    2.15e-04           -    0.00  reuse
  33    6.3702e+01   1.506e-07      1    2.15e-04           -    0.00  reuse
  34    6.3702e+01   1.506e-07      1    2.15e-04           -    0.00  reuse
  35    6.3702e+01   1.506e-07      1    2.15e-04           -    0.00  reuse
  36    6.3702e+01   1.506e-07      1    2.15e-04           -    0.00  reuse
  37    6.3702e+01   1.506e-07      1    2.15e-04           -    0.00  reuse
  38    6.3702e+01   1.506e-07      1    2.15e-04           -    0.00  reuse
  39    6.3702e+01   1.506e-07      1    2.15e-04           -    0.00  reuse
  40    6.3702e+01   1.506e-07      1    2.15e-04           -    0.00  reuse
  41    6.3702e+01   1.506e-07      1    2.15e-04           -    0.00  reuse
  42    6.3702e+01   1.506e-07      1    2.15e-04           -    0.00  reuse
  43    6.3702e+01   1.506e-07      1    2.15e-04           -    0.00  reuse
  44    6.3702e+01   1.506e-07      1    2.15e-04           -    0.00  reuse
  45    6.3702e+01   1.506e-07      1    2.15e-04           -    0.00  reuse
  46    6.3702e+01   1.506e-07      1    2.15e-04           -    0.00  reuse
  47    6.3702e+01   1.506e-07      1    2.15e-04           -    0.00  reuse
  48    6.3702e+01   1.506e-07      1    2.15e-04           -    0.00  reuse
  49    6.3702e+01   1.506e-07      1    2.15e-04           -    0.00  reuse
  50    6.3702e+01   1.506e-07      1    2.15e-04           -    0.00  reuse
  51    6.3702e+01   1.506e-07      1    2.15e-04           -    0.00  reuse
  52    6.3702e+01   1.506e-07      1    2.15e-04           -    0.00  reuse
  53    6.3702e+01   1.506e-07      1    2.15e-04           -    0.00  reuse
  54    6.3702e+01   1.506e-07      1    2.15e-04           -    0.00  reuse
  55    6.3702e+01   1.506e-07      1    2.15e-04           -    0.00  reuse
  56    6.3702e+01   1.506e-07      1    2.15e-04           -    0.00  reuse
  57    6.3702e+01   1.506e-07      1    2.15e-04           -    0.00  reuse
  58    6.3702e+01   1.506e-07      1    2.15e-04           -    0.00  reuse
  59    6.3702e+01   1.506e-07      1    2.15e-04           -    0.00  reuse
  60    6.3702e+01   1.506e-07      1    2.15e-04           -    0.00  reuse
  61    6.3702e+01   1.506e-07      1    2.15e-04           -    0.00  reuse
  62    6.3702e+01   1.506e-07      1    2.15e-04           -    0.00  reuse
  63    6.3702e+01   1.506e-07      1    2.15e-04           -    0.00  reuse
  64    6.3702e+01   1.506e-07      1    2.15e-04           -    0.00  reuse
  65    6.3702e+01   1.506e-07      1    2.15e-04           -    0.00  reuse
  66    6.3702e+01   1.506e-07      1    2.15e-04           -    0.00  reuse
  67    6.3702e+01   1.506e-07      1    2.15e-04           -    0.00  reuse
  68    6.3702e+01   1.506e-07      1    2.15e-04           -    0.00  reuse
  69    6.3702e+01   1.506e-07      1    2.15e-04           -    0.00  reuse
  70    6.3702e+01   1.506e-07      1    2.15e-04           -    0.00  reuse
  71    6.3702e+01   1.506e-07      1    2.15e-04           -    0.00  reuse
  72    6.3702e+01   1.506e-07      1    2.15e-04           -    0.00  reuse
  73    6.3702e+01   1.506e-07      1    2.15e-04           -    0.00  reuse
  74    6.3702e+01   1.506e-07      1    2.15e-04           -    0.00  reuse
  75    6.3702e+01   1.506e-07      1    2.15e-04           -    0.00  reuse
  76    6.3702e+01   1.506e-07      1    2.15e-04           -    0.00  reuse
  77    6.3702e+01   1.506e-07      1    2.15e-04           -    0.00  reuse
  78    6.3702e+01   1.506e-07      1    2.15e-04           -    0.00  reuse
  79    6.3702e+01   1.506e-07      1    2.15e-04           -    0.00  reuse
  80    6.3702e+01   1.506e-07      1    2.15e-04           -    0.00  reuse
  81    6.3702e+01   1.506e-07      1    2.15e-04           -    0.00  reuse
  82    6.3702e+01   1.506e-07      1    2.15e-04           -    0.00  reuse
  83    6.3702e+01   1.506e-07      1    2.15e-04           -    0.00  reuse
  84    6.3702e+01   1.506e-07      1    2.15e-04           -    0.00  reuse
  85    6.3702e+01   1.506e-07      1    2.15e-04           -    0.00  reuse
  86    6.3702e+01   1.506e-07      1    2.15e-04           -    0.00  reuse
  87    6.3702e+01   1.506e-07      1    2.15e-04           -    0.00  reuse
  88    6.3702e+01   1.506e-07      1    2.15e-04           -    0.00  reuse
  89    6.3702e+01   1.506e-07      1    2.15e-04           -    0.00  reuse
  90    6.3702e+01   1.506e-07      1    2.15e-04           -    0.00  reuse
  91    6.3702e+01   1.506e-07      1    2.15e-04           -    0.00  reuse
  92    6.3702e+01   1.506e-07      1    2.15e-04           -    0.00  reuse
  93    6.3702e+01   1.506e-07      1    2.15e-04           -    0.00  reuse
  94    6.3702e+01   1.506e-07      1    2.15e-04           -    0.00  reuse
  95    6.3702e+01   1.506e-07      1    2.15e-04           -    0.00  reuse
  96    6.3702e+01   1.506e-07      1    2.15e-04           -    0.00  reuse
  97    6.3702e+01   1.506e-07      1    2.15e-04           -    0.00  reuse
  98    6.3702e+01   1.506e-07      1    2.15e-04           -    0.00  reuse
  99    6.3702e+01   1.506e-07      1    2.15e-04           -    0.00  reuse
 100    6.3702e+01   1.506e-07      1    2.15e-04           -    0.00  reuse
 101    6.3702e+01   1.506e-07      1    2.15e-04           -    0.00  reuse
 102    6.3702e+01   1.506e-07      1    2.15e-04           -    0.00  reuse
 103    6.3702e+01   1.506e-07      1    2.15e-04           -    0.00  reuse
 104    6.3702e+01   1.506e-07      1    2.15e-04           -    0.00  reuse
 105    6.3702e+01   1.506e-07      1    2.15e-04           -    0.00  reuse
 106    6.3702e+01   1.506e-07      1    2.15e-04           -    0.00  reuse
 107    6.3702e+01   1.506e-07      1    2.15e-04           -    0.00  reuse
 108    6.3702e+01   1.506e-07      1    2.15e-04           -    0.00  reuse
 109    6.3702e+01   1.506e-07      1    2.15e-04           -    0.00  reuse
 110    6.3702e+01   1.506e-07      1    2.15e-04           -    0.00  reuse
 111    6.3702e+01   1.506e-07      1    2.15e-04           -    0.00  reuse
 112    6.3702e+01   1.506e-07      1    2.15e-04           -    0.00  reuse
 113    6.3702e+01   1.506e-07      1    2.15e-04           -    0.00  reuse
 114    6.3702e+01   1.506e-07      1    2.15e-04           -    0.00  reuse
 115    6.3702e+01   1.506e-07      1    2.15e-04           -    0.00  reuse
 116    6.3702e+01   1.506e-07      1    2.15e-04           -    0.00  reuse
 117    6.3702e+01   1.506e-07      1    2.15e-04           -    0.00  reuse
 118    6.3702e+01   1.506e-07      1    2.15e-04           -    0.00  reuse
 119    6.3702e+01   1.506e-07      1    2.15e-04           -    0.00  reuse
 120    6.3702e+01   1.506e-07      1    2.15e-04           -    0.00  reuse
 121    6.3702e+01   1.506e-07      1    2.15e-04           -    0.00  reuse
 122    6.3702e+01   1.506e-07      1    2.15e-04           -    0.00  reuse
 123    6.3702e+01   1.506e-07      1    2.15e-04           -    0.00  reuse
 124    6.3702e+01   1.506e-07      1    2.15e-04           -    0.00  reuse
 125    6.3702e+01   1.506e-07      1    2.15e-04           -    0.00  reuse
 126    6.3702e+01   1.506e-07      1    2.15e-04           -    0.00  reuse
 127    6.3702e+01   1.506e-07      1    2.15e-04           -    0.00  reuse
 128    6.3702e+01   1.506e-07      1    2.15e-04           -    0.00  reuse
 129    6.3702e+01   1.506e-07      1    2.15e-04           -    0.00  reuse
 130    6.3702e+01   1.506e-07      1    2.15e-04           -    0.00  reuse
 131    6.3702e+01   1.506e-07      1    2.15e-04           -    0.00  reuse
 132    6.3702e+01   1.506e-07      1    2.15e-04           -    0.00  reuse
 133    6.3702e+01   1.506e-07      1    2.15e-04           -    0.00  reuse
 134    6.3702e+01   1.506e-07      1    2.15e-04           -    0.00  reuse
 135    6.3702e+01   1.506e-07      1    2.15e-04           -    0.00  reuse
 136    6.3702e+01   1.506e-07      1    2.15e-04           -    0.00  reuse
 137    6.3702e+01   1.506e-07      1    2.15e-04           -    0.00  reuse
 138    6.3702e+01   1.506e-07      1    2.15e-04           -    0.00  reuse
 139    6.3702e+01   1.506e-07      1    2.15e-04           -    0.00  reuse
 140    6.3702e+01   1.506e-07      1    2.15e-04           -    0.00  reuse
 141    6.3702e+01   1.506e-07      1    2.15e-04           -    0.00  reuse
 142    6.3702e+01   1.506e-07      1    2.15e-04           -    0.00  reuse
 143    6.3702e+01   1.506e-07      1    2.15e-04           -    0.00  reuse
 144    6.3702e+01   1.506e-07      1    2.15e-04           -    0.00  reuse
 145    6.3702e+01   1.506e-07      1    2.15e-04           -    0.00  reuse
 146    6.3702e+01   1.506e-07      1    2.15e-04           -    0.00  reuse
 147    6.3702e+01   1.506e-07      1    2.15e-04           -    0.00  reuse
 148    6.3702e+01   1.506e-07      1    2.15e-04           -    0.00  reuse
 149    6.3702e+01   1.506e-07      1    2.15e-04           -    0.00  reuse
 150    6.3702e+01   1.506e-07      1    2.15e-04           -    0.00  reuse
 151    6.3702e+01   1.506e-07      1    2.15e-04           -    0.00  reuse
 152    6.3702e+01   1.506e-07      1    2.15e-04           -    0.00  reuse
 153    6.3702e+01   1.506e-07      1    2.15e-04           -    0.00  reuse
 154    6.3702e+01   1.506e-07      1    2.15e-04           -    0.00  reuse
 155    6.3702e+01   1.506e-07      1    2.15e-04           -    0.00  reuse
 156    6.3702e+01   1.506e-07      1    2.15e-04           -    0.00  reuse
 157    6.3702e+01   1.506e-07      1    2.15e-04           -    0.00  reuse
 158    6.3702e+01   1.506e-07      1    2.15e-04           -    0.00  reuse
 159    6.3702e+01   1.506e-07      1    2.15e-04           -    0.00  reuse
 160    6.3702e+01   1.506e-07      1    2.15e-04           -    0.00  reuse
 161    6.3702e+01   1.506e-07      1    2.15e-04           -    0.00  reuse
 162    6.3702e+01   1.506e-07      1    2.15e-04           -    0.00  reuse
 163    6.3702e+01   1.506e-07      1    2.15e-04           -    0.00  reuse
 164    6.3702e+01   1.506e-07      1    2.15e-04           -    0.00  reuse
 165    6.3702e+01   1.506e-07      1    2.15e-04           -    0.00  reuse
 166    6.3702e+01   1.506e-07      1    2.15e-04           -    0.00  reuse
 167    6.3702e+01   1.506e-07      1    2.15e-04           -    0.00  reuse
 168    6.3702e+01   1.506e-07      1    2.15e-04           -    0.00  reuse
 169    6.3702e+01   1.506e-07      1    2.15e-04           -    0.00  reuse
 170    6.3702e+01   1.506e-07      1    2.15e-04           -    0.00  reuse
 171    6.3702e+01   1.506e-07      1    2.15e-04           -    0.00  reuse
 172    6.3702e+01   1.506e-07      1    2.15e-04           -    0.00  reuse
 173    6.3702e+01   1.506e-07      1    2.15e-04           -    0.00  reuse
 174    6.3702e+01   1.506e-07      1    2.15e-04           -    0.00  reuse
 175    6.3702e+01   1.506e-07      1    2.15e-04           -    0.00  reuse
 176    6.3702e+01   1.506e-07      1    2.15e-04           -    0.00  reuse
 177    6.3702e+01   1.506e-07      1    2.15e-04           -    0.00  reuse
 178    6.3702e+01   1.506e-07      1    2.15e-04           -    0.00  reuse
 179    6.3702e+01   1.506e-07      1    2.15e-04           -    0.00  reuse
 180    6.3702e+01   1.506e-07      1    2.15e-04           -    0.00  reuse
 181    6.3702e+01   1.506e-07      1    2.15e-04           -    0.00  reuse
 182    6.3702e+01   1.506e-07      1    2.15e-04           -    0.00  reuse
 183    6.3702e+01   1.506e-07      1    2.15e-04           -    0.00  reuse
 184    6.3702e+01   1.506e-07      1    2.15e-04           -    0.00  reuse
 185    6.3702e+01   1.506e-07      1    2.15e-04           -    0.00  reuse
 186    6.3702e+01   1.506e-07      1    2.15e-04           -    0.00  reuse
 187    6.3702e+01   1.506e-07      1    2.15e-04           -    0.00  reuse
 188    6.3702e+01   1.506e-07      1    2.15e-04           -    0.00  reuse
 189    6.3702e+01   1.506e-07      1    2.15e-04           -    0.00  reuse
 190    6.3702e+01   1.506e-07      1    2.15e-04           -    0.00  reuse
 191    6.3702e+01   1.506e-07      1    2.15e-04           -    0.00  reuse
 192    6.3702e+01   1.506e-07      1    2.15e-04           -    0.00  reuse
 193    6.3702e+01   1.506e-07      1    2.15e-04           -    0.00  reuse
 194    6.3702e+01   1.506e-07      1    2.15e-04           -    0.00  reuse
 195    6.3702e+01   1.506e-07      1    2.15e-04           -    0.00  reuse
 196    6.3702e+01   1.506e-07      1    2.15e-04           -    0.00  reuse
 197    6.3702e+01   1.506e-07      1    2.15e-04           -    0.00  reuse
 198    6.3702e+01   1.506e-07      1    2.15e-04           -    0.00  reuse
 199    6.3702e+01   1.506e-07      1    2.15e-04           -    0.00  reuse
 200    6.3702e+01   1.506e-07      1    2.15e-04           -    0.00  reuse
 201    6.3702e+01   1.506e-07      1    2.15e-04           -    0.00  reuse
 202    6.3702e+01   1.506e-07      1    2.15e-04           -    0.00  reuse
 203    6.3702e+01   1.506e-07      1    2.15e-04           -    0.00  reuse
 204    6.3702e+01   1.506e-07      1    2.15e-04           -    0.00  reuse
 205    6.3702e+01   1.506e-07      1    2.15e-04           -    0.00  reuse
 206    6.3702e+01   1.506e-07      1    2.15e-04           -    0.00  reuse
 207    6.3702e+01   1.506e-07      1    2.15e-04           -    0.00  reuse
 208    6.3702e+01   1.506e-07      1    2.15e-04           -    0.00  reuse
 209    6.3702e+01   1.506e-07      1    2.15e-04           -    0.00  reuse
 210    6.3702e+01   1.506e-07      1    2.15e-04           -    0.00  reuse
 211    6.3702e+01   1.506e-07      1    2.15e-04           -    0.00  reuse
 212    6.3702e+01   1.506e-07      1    2.15e-04           -    0.00  reuse
 213    6.3702e+01   1.506e-07      1    2.15e-04           -    0.00  reuse
 214    6.3702e+01   1.506e-07      1    2.15e-04           -    0.00  reuse
 215    6.3702e+01   1.506e-07      1    2.15e-04           -    0.00  reuse
 216    6.3702e+01   1.506e-07      1    2.15e-04           -    0.00  reuse
 217    6.3702e+01   1.506e-07      1    2.15e-04           -    0.00  reuse
 218    6.3702e+01   1.506e-07      1    2.15e-04           -    0.00  reuse
 219    6.3702e+01   1.506e-07      1    2.15e-04           -    0.00  reuse
 220    6.3702e+01   1.506e-07      1    2.15e-04           -    0.00  reuse
 221    6.3702e+01   1.506e-07      1    2.15e-04           -    0.00  reuse
 222    6.3702e+01   1.506e-07      1    2.15e-04           -    0.00  reuse
 223    6.3702e+01   1.506e-07      1    2.15e-04           -    0.00  reuse
 224    6.3702e+01   1.506e-07      1    2.15e-04           -    0.00  reuse
 225    6.3702e+01   1.506e-07      1    2.15e-04           -    0.00  reuse
 226    6.3702e+01   1.506e-07      1    2.15e-04           -    0.00  reuse
 227    6.3702e+01   1.506e-07      1    2.15e-04           -    0.00  reuse
 228    6.3702e+01   1.506e-07      1    2.15e-04           -    0.00  reuse
 229    6.3702e+01   1.506e-07      1    2.15e-04           -    0.00  reuse
 230    6.3702e+01   1.506e-07      1    2.15e-04           -    0.00  reuse
 231    6.3702e+01   1.506e-07      1    2.15e-04           -    0.00  reuse
 232    6.3702e+01   1.506e-07      1    2.15e-04           -    0.00  reuse
 233    6.3702e+01   1.506e-07      1    2.15e-04           -    0.00  reuse
 234    6.3702e+01   1.506e-07      1    2.15e-04           -    0.00  reuse
 235    6.3702e+01   1.506e-07      1    2.15e-04           -    0.00  reuse
 236    6.3702e+01   1.506e-07      1    2.15e-04           -    0.00  reuse
 237    6.3702e+01   1.506e-07      1    2.15e-04           -    0.00  reuse
 238    6.3702e+01   1.506e-07      1    2.15e-04           -    0.00  reuse
 239    6.3702e+01   1.506e-07      1    2.15e-04           -    0.00  reuse
 240    6.3702e+01   1.506e-07      1    2.15e-04           -    0.00  reuse
 241    6.3702e+01   1.506e-07      1    2.15e-04           -    0.00  reuse
 242    6.3702e+01   1.506e-07      1    2.15e-04           -    0.00  reuse
 243    6.3702e+01   1.506e-07      1    2.15e-04           -    0.00  reuse
 244    6.3702e+01   1.506e-07      1    2.15e-04           -    0.00  reuse
 245    6.3702e+01   1.506e-07      1    2.15e-04           -    0.00  reuse
 246    6.3702e+01   1.506e-07      1    2.15e-04           -    0.00  reuse
 247    6.3702e+01   1.506e-07      1    2.15e-04           -    0.00  reuse
 248    6.3702e+01   1.506e-07      1    2.15e-04           -    0.00  reuse
 249    6.3702e+01   1.506e-07      1    2.15e-04           -    0.00  reuse
 250    6.3702e+01   1.506e-07      1    2.15e-04           -    0.00  reuse
 251    6.3702e+01   1.506e-07      1    2.15e-04           -    0.00  reuse
 252    6.3702e+01   1.506e-07      1    2.15e-04           -    0.00  reuse
 253    6.3702e+01   1.506e-07      1    2.15e-04           -    0.00  reuse
 254    6.3702e+01   1.506e-07      1    2.15e-04           -    0.00  reuse
 255    6.3702e+01   1.506e-07      1    2.15e-04           -    0.00  reuse
 256    6.3702e+01   1.506e-07      1    2.15e-04           -    0.00  reuse
 257    6.3702e+01   1.506e-07      1    2.15e-04           -    0.00  reuse
 258    6.3702e+01   1.506e-07      1    2.15e-04           -    0.00  reuse
 259    6.3702e+01   1.506e-07      1    2.15e-04           -    0.00  reuse
 260    6.3702e+01   1.506e-07      1    2.15e-04           -    0.00  reuse
 261    6.3702e+01   1.506e-07      1    2.15e-04           -    0.00  reuse
 262    6.3702e+01   1.506e-07      1    2.15e-04           -    0.00  reuse
 263    6.3702e+01   1.506e-07      1    2.15e-04           -    0.00  reuse
 264    6.3702e+01   1.506e-07      1    2.15e-04           -    0.00  reuse
 265    6.3702e+01   1.506e-07      1    2.15e-04           -    0.00  reuse
 266    6.3702e+01   1.506e-07      1    2.15e-04           -    0.00  reuse
 267    6.3702e+01   1.506e-07      1    2.15e-04           -    0.00  reuse
 268    6.3702e+01   1.506e-07      1    2.15e-04           -    0.00  reuse
 269    6.3702e+01   1.506e-07      1    2.15e-04           -    0.00  reuse
 270    6.3702e+01   1.506e-07      1    2.15e-04           -    0.00  reuse
 271    6.3702e+01   1.506e-07      1    2.15e-04           -    0.00  reuse
 272    6.3702e+01   1.506e-07      1    2.15e-04           -    0.00  reuse
 273    6.3702e+01   1.506e-07      1    2.15e-04           -    0.00  reuse
 274    6.3702e+01   1.506e-07      1    2.15e-04           -    0.00  reuse
 275    6.3702e+01   1.506e-07      1    2.15e-04           -    0.00  reuse
 276    6.3702e+01   1.506e-07      1    2.15e-04           -    0.00  reuse
 277    6.3702e+01   1.506e-07      1    2.15e-04           -    0.00  reuse
 278    6.3702e+01   1.506e-07      1    2.15e-04           -    0.00  reuse
 279    6.3702e+01   1.506e-07      1    2.15e-04           -    0.00  reuse
 280    6.3702e+01   1.506e-07      1    2.15e-04           -    0.00  reuse
 281    6.3702e+01   1.506e-07      1    2.15e-04           -    0.00  reuse
 282    6.3702e+01   1.506e-07      1    2.15e-04           -    0.00  reuse
 283    6.3702e+01   1.506e-07      1    2.15e-04           -    0.00  reuse
 284    6.3702e+01   1.506e-07      1    2.15e-04           -    0.00  reuse
 285    6.3702e+01   1.506e-07      1    2.15e-04           -    0.00  reuse
 286    6.3702e+01   1.506e-07      1    2.15e-04           -    0.00  reuse
 287    6.3702e+01   1.506e-07      1    2.15e-04           -    0.00  reuse
 288    6.3702e+01   1.506e-07      1    2.15e-04           -    0.00  reuse
 289    6.3702e+01   1.506e-07      1    2.15e-04           -    0.00  reuse
 290    6.3702e+01   1.506e-07      1    2.15e-04           -    0.00  reuse
 291    6.3702e+01   1.506e-07      1    2.15e-04           -    0.00  reuse
 292    6.3702e+01   1.506e-07      1    2.15e-04           -    0.00  reuse
 293    6.3702e+01   1.506e-07      1    2.15e-04           -    0.00  reuse
 294    6.3702e+01   1.506e-07      1    2.15e-04           -    0.00  reuse
 295    6.3702e+01   1.506e-07      1    2.15e-04           -    0.00  reuse
 296    6.3702e+01   1.506e-07      1    2.15e-04           -    0.00  reuse
 297    6.3702e+01   1.506e-07      1    2.15e-04           -    0.00  reuse
 298    6.3702e+01   1.506e-07      1    2.15e-04           -    0.00  reuse
 299    6.3702e+01   1.506e-07      1    2.15e-04           -    0.00  reuse
 300    6.3702e+01   1.506e-07      1    2.15e-04           -    0.00  reuse
 301    6.3702e+01   1.506e-07      1    2.15e-04           -    0.00  reuse
 302    6.3702e+01   1.506e-07      1    2.15e-04           -    0.00  reuse
 303    6.3702e+01   1.506e-07      1    2.15e-04           -    0.00  reuse
 304    6.3702e+01   1.506e-07      1    2.15e-04           -    0.00  reuse
 305    6.3702e+01   1.506e-07      1    2.15e-04           -    0.00  reuse
 306    6.3702e+01   1.506e-07      1    2.15e-04           -    0.00  reuse
 307    6.3702e+01   1.506e-07      1    2.15e-04           -    0.00  reuse
 308    6.3702e+01   1.506e-07      1    2.15e-04           -    0.00  reuse
 309    6.3702e+01   1.506e-07      1    2.15e-04           -    0.00  reuse
 310    6.3702e+01   1.506e-07      1    2.15e-04           -    0.00  reuse
 311    6.3702e+01   1.506e-07      1    2.15e-04           -    0.00  reuse
 312    6.3702e+01   1.506e-07      1    2.15e-04           -    0.00  reuse
 313    6.3702e+01   1.506e-07      1    2.15e-04           -    0.00  reuse
 314    6.3702e+01   1.506e-07      1    2.15e-04           -    0.00  reuse
 315    6.3702e+01   1.506e-07      1    2.15e-04           -    0.00  reuse
 316    6.3702e+01   1.506e-07      1    2.15e-04           -    0.00  reuse
 317    6.3702e+01   1.506e-07      1    2.15e-04           -    0.00  reuse
 318    6.3702e+01   1.506e-07      1    2.15e-04           -    0.00  reuse
 319    6.3702e+01   1.506e-07      1    2.15e-04           -    0.00  reuse
 320    6.3702e+01   1.506e-07      1    2.15e-04           -    0.00  reuse
 321    6.3702e+01   1.506e-07      1    2.15e-04           -    0.00  reuse
 322    6.3702e+01   1.506e-07      1    2.15e-04           -    0.00  reuse
 323    6.3702e+01   1.506e-07      1    2.15e-04           -    0.00  reuse
 324    6.3702e+01   1.506e-07      1    2.15e-04           -    0.00  reuse
 325    6.3702e+01   1.506e-07      1    2.15e-04           -    0.00  reuse
 326    6.3702e+01   1.506e-07      1    2.15e-04           -    0.00  reuse
 327    6.3702e+01   1.506e-07      1    2.15e-04           -    0.00  reuse
 328    6.3702e+01   1.506e-07      1    2.15e-04           -    0.00  reuse
 329    6.3702e+01   1.506e-07      1    2.15e-04           -    0.00  reuse
 330    6.3702e+01   1.506e-07      1    2.15e-04           -    0.00  reuse
 331    6.3702e+01   1.506e-07      1    2.15e-04           -    0.00  reuse
 332    6.3702e+01   1.506e-07      1    2.15e-04           -    0.00  reuse
 333    6.3702e+01   1.506e-07      1    2.15e-04           -    0.00  reuse
 334    6.3702e+01   1.506e-07      1    2.15e-04           -    0.00  reuse
 335    6.3702e+01   1.506e-07      1    2.15e-04           -    0.00  reuse
 336    6.3702e+01   1.506e-07      1    2.15e-04           -    0.00  reuse
 337    6.3702e+01   1.506e-07      1    2.15e-04           -    0.00  reuse
 338    6.3702e+01   1.506e-07      1    2.15e-04           -    0.00  reuse
 339    6.3702e+01   1.506e-07      1    2.15e-04           -    0.00  reuse
 340    6.3702e+01   1.506e-07      1    2.15e-04           -    0.00  reuse
 341    6.3702e+01   1.506e-07      1    2.15e-04           -    0.00  reuse
 342    6.3702e+01   1.506e-07      1    2.15e-04           -    0.00  reuse
 343    6.3702e+01   1.506e-07      1    2.15e-04           -    0.00  reuse
 344    6.3702e+01   1.506e-07      1    2.15e-04           -    0.00  reuse
 345    6.3702e+01   1.506e-07      1    2.15e-04           -    0.00  reuse
 346    6.3702e+01   1.506e-07      1    2.15e-04           -    0.00  reuse
 347    6.3702e+01   1.506e-07      1    2.15e-04           -    0.00  reuse
 348    6.3702e+01   1.506e-07      1    2.15e-04           -    0.00  reuse
 349    6.3702e+01   1.506e-07      1    2.15e-04           -    0.00  reuse
 350    6.3702e+01   1.506e-07      1    2.15e-04           -    0.00  reuse
 351    6.3702e+01   1.506e-07      1    2.15e-04           -    0.00  reuse
 352    6.3702e+01   1.506e-07      1    2.15e-04           -    0.00  reuse
 353    6.3702e+01   1.506e-07      1    2.15e-04           -    0.00  reuse
 354    6.3702e+01   1.506e-07      1    2.15e-04           -    0.00  reuse
 355    6.3702e+01   1.506e-07      1    2.15e-04           -    0.00  reuse
 356    6.3702e+01   1.506e-07      1    2.15e-04           -    0.00  reuse
 357    6.3702e+01   1.506e-07      1    2.15e-04           -    0.00  reuse
 358    6.3702e+01   1.506e-07      1    2.15e-04           -    0.00  reuse
 359    6.3702e+01   1.506e-07      1    2.15e-04           -    0.00  reuse
 360    6.3702e+01   1.506e-07      1    2.15e-04           -    0.00  reuse
 361    6.3702e+01   1.506e-07      1    2.15e-04           -    0.00  reuse
 362    6.3702e+01   1.506e-07      1    2.15e-04           -    0.00  reuse
 363    6.3702e+01   1.506e-07      1    2.15e-04           -    0.00  reuse
 364    6.3702e+01   1.506e-07      1    2.15e-04           -    0.00  reuse
 365    6.3702e+01   1.506e-07      1    2.15e-04           -    0.00  reuse
 366    6.3702e+01   1.506e-07      1    2.15e-04           -    0.00  reuse
 367    6.3702e+01   1.506e-07      1    2.15e-04           -    0.00  reuse
 368    6.3702e+01   1.506e-07      1    2.15e-04           -    0.00  reuse
 369    6.3702e+01   1.506e-07      1    2.15e-04           -    0.00  reuse
 370    6.3702e+01   1.506e-07      1    2.15e-04           -    0.00  reuse
 371    6.3702e+01   1.506e-07      1    2.15e-04           -    0.00  reuse
 372    6.3702e+01   1.506e-07      1    2.15e-04           -    0.00  reuse
 373    6.3702e+01   1.506e-07      1    2.15e-04           -    0.00  reuse
 374    6.3702e+01   1.506e-07      1    2.15e-04           -    0.00  reuse
 375    6.3702e+01   1.506e-07      1    2.15e-04           -    0.00  reuse
 376    6.3702e+01   1.506e-07      1    2.15e-04           -    0.00  reuse
 377    6.3702e+01   1.506e-07      1    2.15e-04           -    0.00  reuse
 378    6.3702e+01   1.506e-07      1    2.15e-04           -    0.00  reuse
 379    6.3702e+01   1.506e-07      1    2.15e-04           -    0.00  reuse
 380    6.3702e+01   1.506e-07      1    2.15e-04           -    0.00  reuse
 381    6.3702e+01   1.506e-07      1    2.15e-04           -    0.00  reuse
 382    6.3702e+01   1.506e-07      1    2.15e-04           -    0.00  reuse
 383    6.3702e+01   1.506e-07      1    2.15e-04           -    0.00  reuse
 384    6.3702e+01   1.506e-07      1    2.15e-04           -    0.00  reuse
 385    6.3702e+01   1.506e-07      1    2.15e-04           -    0.00  reuse
 386    6.3702e+01   1.506e-07      1    2.15e-04           -    0.00  reuse
 387    6.3702e+01   1.506e-07      1    2.15e-04           -    0.00  reuse
 388    6.3702e+01   1.506e-07      1    2.15e-04           -    0.00  reuse
 389    6.3702e+01   1.506e-07      1    2.15e-04           -    0.00  reuse
 390    6.3702e+01   1.506e-07      1    2.15e-04           -    0.00  reuse
 391    6.3702e+01   1.506e-07      1    2.15e-04           -    0.00  reuse
 392    6.3702e+01   1.506e-07      1    2.15e-04           -    0.00  reuse
 393    6.3702e+01   1.506e-07      1    2.15e-04           -    0.00  reuse
 394    6.3702e+01   1.506e-07      1    2.15e-04           -    0.00  reuse
 395    6.3702e+01   1.506e-07      1    2.15e-04           -    0.00  reuse
 396    6.3702e+01   1.506e-07      1    2.15e-04           -    0.00  reuse
 397    6.3702e+01   1.506e-07      1    2.15e-04           -    0.00  reuse
 398    6.3702e+01   1.506e-07      1    2.15e-04           -    0.00  reuse
 399    6.3702e+01   1.506e-07      1    2.15e-04           -    0.00  reuse
 400    6.3702e+01   1.506e-07      1    2.15e-04           -    0.00  reuse
 401    6.3702e+01   1.506e-07      1    2.15e-04           -    0.00  reuse
 402    6.3702e+01   1.506e-07      1    2.15e-04           -    0.00  reuse
 403    6.3702e+01   1.506e-07      1    2.15e-04           -    0.00  reuse
 404    6.3702e+01   1.506e-07      1    2.15e-04           -    0.00  reuse
 405    6.3702e+01   1.506e-07      1    2.15e-04           -    0.00  reuse
 406    6.3702e+01   1.506e-07      1    2.15e-04           -    0.00  reuse
 407    6.3702e+01   1.506e-07      1    2.15e-04           -    0.00  reuse
 408    6.3702e+01   1.506e-07      1    2.15e-04           -    0.00  reuse
 409    6.3702e+01   1.506e-07      1    2.15e-04           -    0.00  reuse
 410    6.3702e+01   1.506e-07      1    2.15e-04           -    0.00  reuse
 411    6.3702e+01   1.506e-07      1    2.15e-04           -    0.00  reuse
 412    6.3702e+01   1.506e-07      1    2.15e-04           -    0.00  reuse
 413    6.3702e+01   1.506e-07      1    2.15e-04           -    0.00  reuse
 414    6.3702e+01   1.506e-07      1    2.15e-04           -    0.00  reuse
 415    6.3702e+01   1.506e-07      1    2.15e-04           -    0.00  reuse
 416    6.3702e+01   1.506e-07      1    2.15e-04           -    0.00  reuse
 417    6.3702e+01   1.506e-07      1    2.15e-04           -    0.00  reuse
 418    6.3702e+01   1.506e-07      1    2.15e-04           -    0.00  reuse
 419    6.3702e+01   1.506e-07      1    2.15e-04           -    0.00  reuse
 420    6.3702e+01   1.506e-07      1    2.15e-04           -    0.00  reuse
 421    6.3702e+01   1.506e-07      1    2.15e-04           -    0.00  reuse
 422    6.3702e+01   1.506e-07      1    2.15e-04           -    0.00  reuse
 423    6.3702e+01   1.506e-07      1    2.15e-04           -    0.00  reuse
 424    6.3702e+01   1.506e-07      1    2.15e-04           -    0.00  reuse
 425    6.3702e+01   1.506e-07      1    2.15e-04           -    0.00  reuse
 426    6.3702e+01   1.506e-07      1    2.15e-04           -    0.00  reuse
 427    6.3702e+01   1.506e-07      1    2.15e-04           -    0.00  reuse
 428    6.3702e+01   1.506e-07      1    2.15e-04           -    0.00  reuse
 429    6.3702e+01   1.506e-07      1    2.15e-04           -    0.00  reuse
 430    6.3702e+01   1.506e-07      1    2.15e-04           -    0.00  reuse
 431    6.3702e+01   1.506e-07      1    2.15e-04           -    0.00  reuse
 432    6.3702e+01   1.506e-07      1    2.15e-04           -    0.00  reuse
 433    6.3702e+01   1.506e-07      1    2.15e-04           -    0.00  reuse
 434    6.3702e+01   1.506e-07      1    2.15e-04           -    0.00  reuse
 435    6.3702e+01   1.506e-07      1    2.15e-04           -    0.00  reuse
 436    6.3702e+01   1.506e-07      1    2.15e-04           -    0.00  reuse
 437    6.3702e+01   1.506e-07      1    2.15e-04           -    0.00  reuse
 438    6.3702e+01   1.506e-07      1    2.15e-04           -    0.00  reuse
 439    6.3702e+01   1.506e-07      1    2.15e-04           -    0.00  reuse
 440    6.3702e+01   1.506e-07      1    2.15e-04           -    0.00  reuse
 441    6.3702e+01   1.506e-07      1    2.15e-04           -    0.00  reuse
 442    6.3702e+01   1.506e-07      1    2.15e-04           -    0.00  reuse
 443    6.3702e+01   1.506e-07      1    2.15e-04           -    0.00  reuse
 444    6.3702e+01   1.506e-07      1    2.15e-04           -    0.00  reuse
 445    6.3702e+01   1.506e-07      1    2.15e-04           -    0.00  reuse
 446    6.3702e+01   1.506e-07      1    2.15e-04           -    0.00  reuse
 447    6.3702e+01   1.506e-07      1    2.15e-04           -    0.00  reuse
 448    6.3702e+01   1.506e-07      1    2.15e-04           -    0.00  reuse
 449    6.3702e+01   1.506e-07      1    2.15e-04           -    0.00  reuse
 450    6.3702e+01   1.506e-07      1    2.15e-04           -    0.00  reuse
 451    6.3702e+01   1.506e-07      1    2.15e-04           -    0.00  reuse
 452    6.3702e+01   1.506e-07      1    2.15e-04           -    0.00  reuse
 453    6.3702e+01   1.506e-07      1    2.15e-04           -    0.00  reuse
 454    6.3702e+01   1.506e-07      1    2.15e-04           -    0.00  reuse
 455    6.3702e+01   1.506e-07      1    2.15e-04           -    0.00  reuse
 456    6.3702e+01   1.506e-07      1    2.15e-04           -    0.00  reuse
 457    6.3702e+01   1.506e-07      1    2.15e-04           -    0.00  reuse
 458    6.3702e+01   1.506e-07      1    2.15e-04           -    0.00  reuse
 459    6.3702e+01   1.506e-07      1    2.15e-04           -    0.00  reuse
 460    6.3702e+01   1.506e-07      1    2.15e-04           -    0.00  reuse
 461    6.3702e+01   1.506e-07      1    2.15e-04           -    0.00  reuse
 462    6.3702e+01   1.506e-07      1    2.15e-04           -    0.00  reuse
 463    6.3702e+01   1.506e-07      1    2.15e-04           -    0.00  reuse
 464    6.3702e+01   1.506e-07      1    2.15e-04           -    0.00  reuse
 465    6.3702e+01   1.506e-07      1    2.15e-04           -    0.00  reuse
 466    6.3702e+01   1.506e-07      1    2.15e-04           -    0.00  reuse
 467    6.3702e+01   1.506e-07      1    2.15e-04           -    0.00  reuse
 468    6.3702e+01   1.506e-07      1    2.15e-04           -    0.00  reuse
 469    6.3702e+01   1.506e-07      1    2.15e-04           -    0.00  reuse
 470    6.3702e+01   1.506e-07      1    2.15e-04           -    0.00  reuse
 471    6.3702e+01   1.506e-07      1    2.15e-04           -    0.00  reuse
 472    6.3702e+01   1.506e-07      1    2.15e-04           -    0.00  reuse
 473    6.3702e+01   1.506e-07      1    2.15e-04           -    0.00  reuse
 474    6.3702e+01   1.506e-07      1    2.15e-04           -    0.00  reuse
 475    6.3702e+01   1.506e-07      1    2.15e-04           -    0.00  reuse
 476    6.3702e+01   1.506e-07      1    2.15e-04           -    0.00  reuse
 477    6.3702e+01   1.506e-07      1    2.15e-04           -    0.00  reuse
 478    6.3702e+01   1.506e-07      1    2.15e-04           -    0.00  reuse
 479    6.3702e+01   1.506e-07      1    2.15e-04           -    0.00  reuse
 480    6.3702e+01   1.506e-07      1    2.15e-04           -    0.00  reuse
 481    6.3702e+01   1.506e-07      1    2.15e-04           -    0.00  reuse
 482    6.3702e+01   1.506e-07      1    2.15e-04           -    0.00  reuse
 483    6.3702e+01   1.506e-07      1    2.15e-04           -    0.00  reuse
 484    6.3702e+01   1.506e-07      1    2.15e-04           -    0.00  reuse
 485    6.3702e+01   1.506e-07      1    2.15e-04           -    0.00  reuse
 486    6.3702e+01   1.506e-07      1    2.15e-04           -    0.00  reuse
 487    6.3702e+01   1.506e-07      1    2.15e-04           -    0.00  reuse
 488    6.3702e+01   1.506e-07      1    2.15e-04           -    0.00  reuse
 489    6.3702e+01   1.506e-07      1    2.15e-04           -    0.00  reuse
 490    6.3702e+01   1.506e-07      1    2.15e-04           -    0.00  reuse
 491    6.3702e+01   1.506e-07      1    2.15e-04           -    0.00  reuse
 492    6.3702e+01   1.506e-07      1    2.15e-04           -    0.00  reuse
 493    6.3702e+01   1.506e-07      1    2.15e-04           -    0.00  reuse
 494    6.3702e+01   1.506e-07      1    2.15e-04           -    0.00  reuse
 495    6.3702e+01   1.506e-07      1    2.15e-04           -    0.00  reuse
 496    6.3702e+01   1.506e-07      1    2.15e-04           -    0.00  reuse
 497    6.3702e+01   1.506e-07      1    2.15e-04           -    0.00  reuse
 498    6.3702e+01   1.506e-07      1    2.15e-04           -    0.00  reuse
 499    6.3702e+01   1.506e-07      1    2.15e-04           -    0.00  reuse
 500    6.3702e+01   1.506e-07      1    2.15e-04           -    0.00  reuse

Terminated after 500 iterations (maximum iterations reached)
Final loss:      6.370159e+01
Relative grad.:  1.506e-07
SpectralGLM; parameters=4; converged=false
Inference unavailable: fit did not satisfy the gradient convergence criterion
First five fitted values: [0.7500764643253364, 0.5939002227313278, 0.5967617533951405, 0.6278870854734844, 0.7126531320433644]

=== poisson: 100 observations, 3 features, 4 coefficients ===

SpectralMM  Solver: PCG   Rank: 3

Iter          Loss     RelGrad  Inner    InnerRes      EigRes    Step  Spectrum
   0    1.0000e+02   9.682e-01      -           -    4.87e-16       -  initial
   1    9.4593e+01   2.823e-01      1    1.44e-08    5.92e-16    1.00  correct
   2    9.4181e+01   1.394e-02      1    9.71e-09    9.73e-16    1.00  correct
   3    9.4179e+01   4.451e-05      1    1.31e-08           -    1.00  reuse
   4    9.4179e+01   3.587e-09      1    8.20e-05           -    1.00  reuse

Converged after 4 iterations
Final loss:      9.417949e+01
Relative grad.:  3.587e-09
SpectralGLM; parameters=4; converged=true
Covariance: model; reference: z
Term                   Estimate   Std. Error    Statistic      p-value
(Intercept)             0.26438      0.08958       2.9513    0.0031641
x1                      0.23561      0.19129       1.2317      0.21806
x2                    0.0071037      0.19127      0.03714      0.97037
x3                      0.26708       0.1738       1.5367      0.12438

First five fitted values: [1.4421303345152359, 1.2131688093277577, 1.2931249846723716, 1.2325940760894651, 1.424036540293499]

=== gamma: 100 observations, 3 features, 4 coefficients ===

SpectralMM  Solver: PCG   Rank: 3

Iter          Loss     RelGrad  Inner    InnerRes      EigRes    Step  Spectrum
   0    1.2636e+02   9.669e-01      -           -    4.87e-16       -  initial
   1    1.2163e+02   1.929e-01      1    2.10e-08           -    1.00  reuse
   2    1.2123e+02   1.399e-02      1    2.53e-08           -    1.00  reuse
   3    1.2122e+02   4.201e-04      1    1.29e-08           -    1.00  reuse
   4    1.2122e+02   4.669e-05      1    6.65e-09           -    1.00  reuse
   5    1.2122e+02   5.611e-06      1    5.33e-09           -    1.00  reuse
   6    1.2122e+02   6.571e-07      1    6.36e-09           -    1.00  reuse
   7    1.2122e+02   7.924e-08      1    5.58e-09           -    1.00  reuse
   8    1.2122e+02   9.410e-09      1    5.92e-09           -    1.00  reuse

Converged after 8 iterations
Final loss:      1.212247e+02
Relative grad.:  9.410e-09
SpectralGLM; parameters=4; converged=true
Covariance: model; reference: t
Term                   Estimate   Std. Error    Statistic      p-value
(Intercept)             0.20861     0.046153       4.5199   1.7653e-05
x1                       0.3211     0.099141       3.2388    0.0016493
x2                      -0.2822     0.097812      -2.8851    0.0048316
x3                      0.15623      0.08563       1.8245      0.07119

First five fitted values: [1.6518963165033815, 1.183352583452293, 1.0828613992218914, 1.2877325615907302, 1.448375974957758]

=== negative_binomial: 100 observations, 3 features, 4 coefficients ===

SpectralMM  Solver: PCG   Rank: 3

Iter          Loss     RelGrad  Inner    InnerRes      EigRes    Step  Spectrum
   0    8.3530e+02   9.501e-01      -           -    5.51e-16       -  initial
   1    8.3110e+02   2.965e-01      1    3.13e-08    3.81e-16    1.00  correct
   2    8.3086e+02   1.645e-02      1    1.39e-08    6.25e-16    1.00  correct
   3    8.3086e+02   9.166e-04      1    2.34e-08           -    1.00  reuse
   4    8.3086e+02   7.231e-05      1    5.97e-03           -    1.00  reuse
   5    8.3086e+02   5.645e-06      1    6.31e-03           -    1.00  reuse
   6    8.3086e+02   4.402e-07      1    6.38e-03           -    1.00  reuse
   7    8.3086e+02   3.434e-08      1    6.36e-03           -    1.00  reuse

Converged after 7 iterations
Final loss:      8.308615e+02
Relative grad.:  3.434e-08
Coefficients (intercept first): [0.12349000593712549, 0.2868703761792238, -0.5017310275014971, 0.1402321661644498]
Inference: not attached by the low-level Julia API; see Python/R results.

=== gaussian_log: 100 observations, 3 features, 4 coefficients ===

SpectralMM  Solver: PCG   Rank: 3

Iter          Loss     RelGrad  Inner    InnerRes      EigRes    Step  Spectrum
   0    1.0353e+01   9.652e-01      -           -    4.87e-16       -  initial
   1    4.2399e+00   6.857e-01      1    2.25e-08    5.74e-16    1.00  correct
   2    3.1007e+00   3.727e-02      1    7.04e-09    1.69e-15    1.00  correct
   3    3.0969e+00   2.856e-04      1    5.75e-09    2.20e-15    1.00  correct
   4    3.0969e+00   1.100e-05      1    6.80e-09           -    1.00  reuse
   5    3.0969e+00   4.348e-07      1    5.09e-04           -    1.00  reuse
   6    3.0969e+00   1.720e-08      1    4.87e-04           -    1.00  reuse

Converged after 6 iterations
Final loss:      3.096901e+00
Relative grad.:  1.720e-08
SpectralGLM; parameters=4; converged=true
Covariance: model; reference: t
Term                   Estimate   Std. Error    Statistic      p-value
(Intercept)             0.19451     0.022296       8.7242   8.1594e-14
x1                      0.36982     0.043714       8.4599    2.994e-13
x2                     -0.27647     0.041876      -6.6022   2.2354e-09
x3                      0.20495     0.039491       5.1899   1.1732e-06

First five fitted values: [1.6578181590218122, 1.1472804393266915, 1.0720352780484086, 1.259849512321404, 1.4511899427549186]

=== gamma_inverse: 100 observations, 3 features, 4 coefficients ===

SpectralMM  Solver: PCG   Rank: 3

Iter          Loss     RelGrad  Inner    InnerRes      EigRes    Step  Spectrum
   0    3.6711e+01   8.270e-01      -           -    4.87e-16       -  initial
   1    3.5312e+01   3.992e-01      1    8.87e-08    7.95e-16    1.00  correct
   2    3.5212e+01   2.520e-02      1    2.98e-08    7.21e-16    1.00  correct
   3    3.5212e+01   1.584e-04      1    6.55e-08           -    1.00  reuse
   4    3.5212e+01   1.606e-08      1    1.00e-04           -    1.00  reuse

Converged after 4 iterations
Final loss:      3.521161e+01
Relative grad.:  1.606e-08
SpectralGLM; parameters=4; converged=true
Covariance: model; reference: t
Term                   Estimate   Std. Error    Statistic      p-value
(Intercept)              1.9072     0.095447       19.981   5.6582e-36
x1                      0.31102      0.20132       1.5448      0.12567
x2                     -0.60607      0.19805      -3.0602    0.0028682
x3                     0.084975      0.17673      0.48081      0.63174

First five fitted values: [0.4188587985216231, 0.5111145712833709, 0.6336510662757091, 0.5024428166317985, 0.4668068953937812]

=== tweedie: 100 observations, 3 features, 4 coefficients ===

SpectralMM  Solver: PCG   Rank: 3

Iter          Loss     RelGrad  Inner    InnerRes      EigRes    Step  Spectrum
   0    4.5178e+02   9.691e-01      -           -    4.87e-16       -  initial
   1    4.4396e+02   3.391e-01      1    2.48e-08    6.56e-16    1.00  correct
   2    4.4322e+02   2.650e-02      1    1.20e-08    1.38e-15    1.00  correct
   3    4.4322e+02   1.232e-03      1    2.05e-08           -    1.00  reuse
   4    4.4322e+02   1.037e-04      1    8.74e-03           -    1.00  reuse
   5    4.4322e+02   9.030e-06      1    1.01e-02           -    1.00  reuse
   6    4.4322e+02   7.714e-07      1    9.80e-03           -    1.00  reuse
   7    4.4322e+02   6.712e-08      1    1.01e-02           -    1.00  reuse
   8    4.4322e+02   5.745e-09      1    9.83e-03           -    1.00  reuse

Converged after 8 iterations
Final loss:      4.432151e+02
Relative grad.:  5.745e-09
Coefficients (intercept first): [0.16986646093067442, 0.5684902239954129, -0.4138488337862326, 0.20646166299903765]
Inference: not attached by the low-level Julia API; see Python/R results.

=== binomial: 100 observations, 3 features, 4 coefficients ===

SpectralMM  Solver: PCG   Rank: 3

Iter          Loss     RelGrad  Inner    InnerRes      EigRes    Step  Spectrum
   0    2.7726e+02   9.593e-01      -           -    4.87e-16       -  initial
   1    2.7134e+02   2.332e-02      1    2.39e-08    8.46e-16    1.00  correct
   2    2.7133e+02   5.148e-05      1    2.65e-08           -    1.00  reuse
   3    2.7133e+02   2.839e-09      1    5.67e-05           -    1.00  reuse

Converged after 3 iterations
Final loss:      2.713315e+02
Relative grad.:  2.839e-09
Coefficients (intercept first): [0.20376867035678956, 0.560934139171964, -0.24653611647838444, 0.19251141634258276]
Inference: not attached by the low-level Julia API; see Python/R results.

=== smooth_quantile: 100 observations, 3 features, 4 coefficients ===

SpectralMM  Solver: PCG   Rank: 3

Iter          Loss     RelGrad  Inner    InnerRes      EigRes    Step  Spectrum
   0    1.9343e+01   8.997e-01      -           -    8.74e-16       -  initial
   1    1.6563e+01   5.833e-01      1    7.33e-08    1.04e-15    0.50  correct
   2    1.5976e+01   2.851e-01      1    5.67e-08    7.74e-16    1.00  correct
   3    1.5735e+01   7.013e-02      1    2.67e-08    1.16e-15    1.00  correct
   4    1.5719e+01   9.112e-03      1    1.57e-01    1.29e-15    1.00  correct
   5    1.5719e+01   1.031e-04      1    3.73e-08    1.60e-15    1.00  correct
   6    1.5719e+01   1.750e-08      1    3.12e-08           -    1.00  reuse

Converged after 6 iterations
Final loss:      1.571871e+01
Relative grad.:  1.750e-08
SpectralModel
────────────────────────────────────────
Family:             SmoothQuantile
Solver:             PCG
Spectral rank:      3
Observations:       100
Parameters:         4
Outer iterations:   6
Final loss:         1.571871e+01
Relative gradient:  1.750e-08
Converged:          true
Covariance: sandwich; reference: z
Term                   Estimate   Std. Error    Statistic      p-value
(Intercept)             0.17235     0.048147       3.5795    0.0003442
x1                      0.47812      0.16072       2.9748    0.0029314
x2                     -0.28433      0.11377      -2.4992     0.012448
x3                      0.38199     0.078819       4.8464   1.2574e-06

First five fitted values: [0.5432357481182437, 0.09332753660469965, 0.01455450362383462, 0.15292799489260267, 0.4044820350931665]

=== expectile: 100 observations, 3 features, 4 coefficients ===

SpectralMM  Solver: PCG   Rank: 3

Iter          Loss     RelGrad  Inner    InnerRes      EigRes    Step  Spectrum
   0    6.2666e+00   9.001e-01      -           -    8.03e-16       -  initial
   1    4.5596e+00   1.557e-01      1    6.46e-08    2.59e-16    1.00  correct
   2    4.5225e+00   2.267e-03      1    3.43e-08    5.56e-16    1.00  correct
   3    4.5225e+00   1.083e-10      1    4.78e-08           -    1.00  reuse

Converged after 3 iterations
Final loss:      4.522450e+00
Relative grad.:  1.083e-10
SpectralModel
────────────────────────────────────────
Family:             Expectile
Solver:             PCG
Spectral rank:      3
Observations:       100
Parameters:         4
Outer iterations:   3
Final loss:         4.522450e+00
Relative gradient:  1.083e-10
Converged:          true
Covariance: sandwich; reference: z
Term                   Estimate   Std. Error    Statistic      p-value
(Intercept)              0.2147     0.053181       4.0372   5.4088e-05
x1                      0.36885       0.1119       3.2961   0.00098036
x2                     -0.30938      0.10904      -2.8373    0.0045498
x3                     0.076899     0.090161      0.85291      0.39371

First five fitted values: [0.5306365503544428, 0.14986937987802765, 0.11791275690776888, 0.32325931959743626, 0.3771683876594928]

=== pseudo_huber: 100 observations, 3 features, 4 coefficients ===

SpectralMM  Solver: PCG   Rank: 3

Iter          Loss     RelGrad  Inner    InnerRes      EigRes    Step  Spectrum
   0    2.2839e+01   9.570e-01      -           -    7.77e-16       -  initial
   1    1.8255e+01   6.330e-02      1    2.53e-08    4.52e-16    1.00  correct
   2    1.8218e+01   2.303e-04      1    3.59e-08           -    1.00  reuse
   3    1.8218e+01   7.597e-07      1    3.28e-03           -    1.00  reuse
   4    1.8218e+01   2.747e-09      1    3.62e-03           -    1.00  reuse

Converged after 4 iterations
Final loss:      1.821779e+01
Relative grad.:  2.747e-09
SpectralModel
────────────────────────────────────────
Family:             PseudoHuber
Solver:             PCG
Spectral rank:      3
Observations:       100
Parameters:         4
Outer iterations:   4
Final loss:         1.821779e+01
Relative gradient:  2.747e-09
Converged:          true
Covariance: sandwich; reference: z
Term                   Estimate   Std. Error    Statistic      p-value
(Intercept)             0.32458     0.071301       4.5522   5.3087e-06
x1                      0.40985      0.16126       2.5416     0.011035
x2                    -0.076844       0.1811     -0.42431      0.67134
x3                      0.10802      0.11668       0.9257       0.3546

First five fitted values: [0.5146968641150735, 0.17741125214067033, 0.3930266537137893, 0.4302184811453508, 0.4364974652756693]

=== student_t: 100 observations, 3 features, 4 coefficients ===

SpectralMM  Solver: PCG   Rank: 3

Iter          Loss     RelGrad  Inner    InnerRes      EigRes    Step  Spectrum
   0    8.0192e+01   9.847e-01      -           -    4.50e-16       -  initial
   1    6.6980e+01   3.026e-01      1    5.85e-09    6.64e-16    1.00  correct
   2    6.6018e+01   3.722e-02      1    3.93e-03           -    1.00  reuse
   3    6.6008e+01   1.136e-02      1    4.27e-03           -    1.00  reuse
   4    6.6007e+01   1.670e-03      1    4.25e-03           -    1.00  reuse
   5    6.6007e+01   5.342e-04      1    4.37e-03           -    1.00  reuse
   6    6.6007e+01   8.850e-05      1    4.79e-03           -    1.00  reuse
   7    6.6007e+01   2.493e-05      1    4.34e-03           -    1.00  reuse
   8    6.6007e+01   7.788e-06      1    4.34e-03           -    1.00  reuse
   9    6.6007e+01   1.216e-06      1    4.56e-03           -    1.00  reuse
  10    6.6007e+01   3.871e-07      1    4.44e-03           -    1.00  reuse
  11    6.6007e+01   1.185e-07      1    4.40e-03           -    1.00  reuse
  12    6.6007e+01   1.746e-08      1    4.44e-03           -    1.00  reuse
  13    6.6007e+01   5.583e-09      1    4.51e-03           -    1.00  reuse

Converged after 13 iterations
Final loss:      6.600726e+01
Relative grad.:  5.583e-09
SpectralModel
────────────────────────────────────────
Family:             StudentT
Solver:             PCG
Spectral rank:      3
Observations:       100
Parameters:         4
Outer iterations:   13
Final loss:         6.600726e+01
Relative gradient:  5.583e-09
Converged:          true
Covariance: sandwich; reference: z
Term                   Estimate   Std. Error    Statistic      p-value
(Intercept)             0.21702     0.059606       3.6409   0.00027167
x1                      0.30462      0.11436       2.6636    0.0077316
x2                     -0.35512      0.10166      -3.4932   0.00047723
x3                      0.16589      0.13507       1.2282      0.21936

First five fitted values: [0.550904312762891, 0.20691558275025665, 0.026958105947508276, 0.24980183999985817, 0.3977602737098439]
